# This file may be used to create an environment using:
# $ conda create --name <env> --file <this file>
# platform: win-64
absl-py=0.1.13=py36_0
backports=1.0=py36h81696a8_1
backports.weakref=1.0.post1=py36hf2695fa_0
bleach=1.5.0=py36_0
certifi=2018.1.18=py36_0
click=6.7=py36hec8c647_0
flask=0.12.2=py36h98b5e8f_0
h5py=2.7.1=py36he54a1c3_0
hdf5=1.10.1=vc14_2
html5lib=0.9999999=py36_0
icc_rt=2017.0.4=h97af966_0
intel-openmp=2018.0.0=8
itsdangerous=0.24=py36hb6c5a24_1
jinja2=2.10=py36h292fed1_0
keras=2.1.5=py36_0
markdown=2.6.11=py36_0
markupsafe=1.0=py36h0e26971_1
mkl=2018.0.2=1
mkl_fft=1.0.1=py36h452e1ab_0
mkl_random=1.0.1=py36h9258bd6_0
nltk=3.2.5=py36h76d52bb_0
numpy=1.14.2=py36h5c71026_1
pip=9.0.3=py36_0
protobuf=3.5.1=py36_vc14_3
python=3.6.5=h0c2934d_0
pyyaml=3.12=py36_0
scipy=1.0.1=py36hce232c7_0
setuptools=39.0.1=py36_0
six=1.11.0=py36h4db2310_1
tensorboard=1.5.1=py36_1
tensorflow=1.5.1=py36_0
vc=14=h0510ff6_3
vs2015_runtime=14.0.25123=3
werkzeug=0.14.1=py36_0
wheel=0.31.0=py36_0
wincertstore=0.2=py36h7fe50ca_0
zlib=1.2.11=vc14_0
